01 0 1100 1282
01 0 1975 2075
01 0 2938 3040
01 0 3321 3440
01 0 4069 4164
02 0 451 578
03 0 0 100
03 0 300 486
03 0 562 667
03 0 785 898
03 0 1001 1100
03 0 1202 1310
03 0 1336 1396
03 0 1656 1805
03 0 1944 1980
04 0 108 327
05 0 150 360
06 0 0 70
06 0 302 390
06 0 467 565
06 0 1229 1257
06 0 1748 1800
07 0 0 30
07 0 160 255
07 0 545 607
08 0 70 120
08 0 130 189
08 0 205 285
08 0 347 420
09 0 1 97
09 0 421 649
10 0 0 66
10 0 104 177
10 0 468 553
10 0 646 682
10 0 1225 1305
10 0 2077 2200
10 0 2693 2758
10 0 2967 3020
11 0 0 42
12 0 195 239
12 0 434 570
12 0 1043 1093
13 0 124 200
13 0 216 295
13 0 339 505
13 0 645 729
15 0 277 329
15 0 438 523
15 0 1145 1244
15 0 1686 1770
15 0 1783 1877
15 0 2138 2236
15 0 2276 2328
15 0 2412 2464
15 0 2512 2597
15 0 2959 3026
15 0 3063 3152
15 0 3168 3280
15 0 3389 3421
15 0 4710 4745
15 0 4760 4784
15 0 4804 4835
15 0 5253 5382
15 0 5768 5797
16 0 94 252
16 0 279 421
16 0 458 875
16 0 1256 1323
16 0 1434 1519
16 0 1889 2120
16 0 2200 2275
16 0 2323 2401
16 0 2449 2518
16 0 2617 2704
16 0 2772 2818
16 0 2838 2864
16 0 2872 2974
16 0 3086 3480
16 0 3522 3839
16 0 3876 3913
16 0 3921 4612
16 0 4769 4800
17 0 66 102
17 0 111 148
17 0 544 668
18 0 535 639
18 0 652 710
18 0 993 1030
18 0 1058 1108
19 1 19 62
19 1 155 249
19 1 905 938
19 0 941 1237
19 0 1266 1308
19 0 1320 1480
20 0 117 237
20 0 855 910
20 0 1251 1287
20 0 1389 1519
21 1 222 355
21 1 948 1052
21 0 5346 5754
21 0 6727 6754
22 0 2399 2440
22 0 2831 2949
23 0 1 52
23 0 217 282
23 0 431 469
24 0 27 93
24 0 245 265
24 0 344 382
24 0 469 533
24 0 610 734
24 0 771 803
24 0 811 827
24 0 882 919
24 0 931 985
24 0 997 1016
24 0 1041 1095
24 0 1111 1165
24 0 1177 1249
24 0 1268 1283
24 0 1292 1320
24 0 1389 1515
24 0 1532 1547
24 0 1633 1689
24 0 1703 1768
25 0 186 242
25 0 262 371
26 0 163 255
27 0 2 87
27 0 355 483
27 0 585 684
27 0 879 980
28 0 201 296
28 0 360 430
28 0 710 761
28 0 926 1005
28 0 1215 1289
28 0 1358 1448
28 0 1646 1739
28 0 1987 2137
28 0 2254 2345
28 0 2440 2580
28 0 2721 2820
28 0 2971 3042
28 0 3182 3259
28 0 3423 3451
28 0 3579 3675
28 0 3809 3875
28 0 3981 4021
28 0 4120 4232
28 0 4585 4627
28 0 4915 4957
28 0 4991 5086
28 0 5229 5366
28 0 5422 5506
28 0 5549 5651
28 0 5719 5793
29 0 44 98
29 0 109 152
29 0 159 184
29 0 198 221
30 0 568 672
30 0 1195 1336
30 0 1359 1391
30 0 1453 1575
31 1 8 44
31 1 236 247
31 1 276 295
32 1 143 316
32 1 1070 1425
33 1 213 450
34 1 144 200
34 1 513 610
34 1 648 705
34 1 773 833
34 1 866 930
34 1 1034 1078
34 1 1122 1162
34 1 1367 1427
34 0 1529 1588
35 1 100 209
35 1 431 528
36 1 131 163
36 1 326 395
36 1 466 645
37 1 199 248
37 0 698 740
37 1 927 968
37 1 1335 1381
37 1 2555 2623
38 1 479 737
39 1 10 25
39 1 60 194
39 1 202 361
39 1 472 504
39 1 10 605
39 0 430 540
39 0 530 554
39 1 576 615
39 1 625 680
40 1 108 541
40 0 108 564
40 1 563 905
41 1 3 55
41 1 101 693
41 0 712 917
41 0 984 1069
42 1 312 408
42 1 505 625
42 1 859 930
42 1 1259 1317
42 1 1659 1748
43 1 61 168
43 1 195 405
43 1 405 517
43 1 565 619
43 1 710 750
43 1 1000 1110
43 1 1170 1320
43 1 1390 1440
43 1 1508 1540
43 1 1623 1650
44 1 1 187
44 1 235 300
45 0 858 883
45 0 1408 1432
45 0 3400 3457
45 0 3692 3750
45 0 3980 4380
45 0 4760 4820
45 0 4905 4930
45 0 4960 4980
45 0 5000 5060
45 0 5230 5255
45 0 5280 5300
45 0 5328 5357
45 0 5460 5516
45 0 5537 5560
45 0 5576 5562
45 0 6194 6275
45 0 6330 6360
46 1 0 216
46 1 555 755
46 1 975 1263
46 1 1280 1315
46 1 1382 1536
47 1 1795 1900
48 0 99 143
48 0 400 423
48 0 475 499
48 0 655 694
49 1 10 268
56 0 1470 1720